xOffset=-0.49878202512991265
yOffset=1.4172186256622297