xOffset=0.5836182422430767
yOffset=-2.216397666029607